# Created by Octave 3.6.4, Sat Nov 09 10:37:56 2013 CST <wilde@login01.osgconnect.net>
# name: W
# type: scalar struct
# ndims: 2
 1 1
# length: 14
# name: mdbt
# type: matrix
# rows: 12
# columns: 1
 -4.646505376344077
 -2.520238095238097
 3.823924731182792
 9.950833333333344
 15.31034946236559
 21.10916666666667
 24.13481182795698
 21.77365591397851
 18.13388888888892
 10.98077956989247
 4.731666666666655
 -3.686155913978499


# name: mdpt
# type: matrix
# rows: 12
# columns: 1
 -9.405241935483875
 -8.152529761904765
 -1.48319892473118
 3.997916666666667
 7.203629032258059
 12.96291666666669
 18.65497311827956
 16.57244623655918
 12.88847222222227
 4.954032258064504
 0.4024999999999808
 -7.649731182795701


# name: mrh
# type: matrix
# rows: 12
# columns: 1
 70.75806451612904
 66.45386904761905
 70.83467741935483
 69.35694444444445
 63.14650537634409
 62.325
 73.625
 74.13172043010752
 74.5125
 68.50940860215054
 74.95416666666667
 75.03494623655914


# name: mwind
# type: matrix
# rows: 12
# columns: 1
 4.881989247311785
 5.067559523809495
 5.489784946236506
 4.831805555555531
 3.7471774193548
 4.88611111111107
 4.238844086021458
 3.845430107526843
 3.413472222222192
 4.788037634408549
 5.295694444444399
 4.294758064516079


# name: msolar
# type: matrix
# rows: 12
# columns: 8
 144.5455443496152 144.5289066324416 144.4881784388301 144.4233711835405 144.3711997316822 144.4509023118424 144.5065366335791 144.5380869627847
 174.1100554748674 174.0900692947986 174.0419481953534 173.9657059778166 173.9086591000099 174.0011882532924 174.0656084595464 174.1019010513338
 197.0260361882255 197.0053703748582 196.9542936550662 196.8728212549499 196.8045951903027 196.9055484996292 196.976118379823 197.0162847061592
 213.8375775986946 213.813957674859 213.7586611400398 213.6717037244869 213.6152932608684 213.7183561217425 213.7897699307968 213.8295142283849
 260.5159783570015 260.4874855291988 260.4214049609732 260.3177549830286 260.2540644158689 260.3759008456167 260.4601787179903 260.5068753628576
 265.3718803627122 265.3441680318277 265.2788372329782 265.1759064493623 265.1065327522875 265.2292748881464 265.3144267428792 265.361965952679
 259.414443482062 259.3847822140871 259.3189000708585 259.2168156899521 259.1708603794492 259.2860670828782 259.3650793142901 259.4078753309082
 237.6619979306964 237.6362729785605 237.576311222694 237.4821299442486 237.4225215775986 237.5337237933198 237.6107165104054 237.6534784394882
 225.1032109261854 225.0797021580995 225.0214988245818 224.9286173334003 224.8503074099862 224.9655494252776 225.0461270216268 225.0920182977794
 193.2822577505027 193.2620419886522 193.2106259387824 193.1280241533107 193.0511303034141 193.1556878263892 193.2290735465913 193.271267340605
 132.1803067777706 132.1663535183759 132.1310004529815 132.0742585279868 132.0221319196528 132.0937564381334 132.1440028192316 132.1728558295869
 132.4737012657002 132.4595339232381 132.4229981386154 132.3641040375011 132.3066990388488 132.381983671317 132.4349208832367 132.4654961923405


# name: mEgh
# type: matrix
# rows: 12
# columns: 1
 73.4986559139785
 103.8898809523809
 143.3400537634409
 183.0888888888889
 248.994623655914
 262.2291666666667
 257.3655913978495
 215.0591397849462
 174.6930555555556
 122.5497311827957
 75.77638888888889
 62.66666666666666


# name: mhdbt
# type: matrix
# rows: 12
# columns: 24
 -6.283870967741934 -6.180645161290322 -6.087096774193546 -6.274193548387095 -6.522580645161288 -6.806451612903223 -6.780645161290321 -6.558064516129033 -5.551612903225807 -4.361290322580648 -3.545161290322581 -2.790322580645162 -2.029032258064516 -1.683870967741935 -1.596774193548387 -1.861290322580645 -2.912903225806451 -3.825806451612903 -4.54516129032258 -4.509677419354838 -4.709677419354838 -4.97741935483871 -5.238709677419354 -5.883870967741935
 -3.657142857142857 -3.92857142857143 -4.146428571428571 -4.464285714285715 -4.907142857142857 -5.121428571428573 -5.264285714285715 -4.625 -3.292857142857142 -2.096428571428571 -1.021428571428572 -0.2428571428571429 0.2571428571428568 0.3964285714285716 0.4964285714285713 0.2607142857142862 -0.4642857142857141 -1.425 -2.346428571428572 -2.582142857142858 -2.850000000000001 -2.925000000000001 -3.150000000000001 -3.385714285714285
 2.02258064516129 1.816129032258065 1.767741935483871 1.248387096774194 1.132258064516129 0.9193548387096775 1.42258064516129 2.75483870967742 3.967741935483871 5.054838709677419 5.938709677419354 6.819354838709677 7.187096774193547 7.325806451612904 7.193548387096773 6.767741935483871 6.13548387096774 5.038709677419354 3.941935483870967 3.3 2.941935483870968 2.609677419354839 2.374193548387097 2.093548387096774
 7.793333333333334 7.613333333333334 7.563333333333334 7.193333333333334 6.956666666666665 7.036666666666666 8.093333333333332 9.256666666666664 10.18666666666667 10.94666666666666 11.79333333333333 12.27666666666667 12.76333333333334 13.12 13.01333333333333 12.84 12.41 11.50333333333334 10.57666666666667 9.880000000000003 9.48666666666667 9.180000000000001 8.916666666666664 8.419999999999998
 10.70967741935484 10.31612903225806 10.16774193548387 10.05161290322581 9.893548387096773 11.2258064516129 13.56774193548387 15.4741935483871 17.29354838709677 18.69677419354839 19.81935483870968 20.58064516129032 21.05483870967742 20.94516129032258 20.5741935483871 19.98709677419355 19.53225806451613 18.09677419354838 16.0741935483871 14.48709677419355 13.33225806451613 12.45483870967742 11.76129032258065 11.35161290322581
 17.59666666666667 17.25333333333333 17.20666666666667 16.86333333333333 16.72 17.59333333333333 19.57333333333333 21.28333333333334 22.50333333333333 23.58999999999999 24.38333333333333 24.82999999999999 25.22666666666667 25.46666666666667 25.39 25.13333333333333 24.75666666666667 23.95666666666666 22.33333333333333 20.68 19.41 18.79 18.13333333333334 17.94666666666666
 20.71290322580645 20.34193548387096 19.87096774193548 19.73225806451613 19.53225806451613 20.70645161290323 22.4 23.73225806451612 24.96129032258065 26.07741935483871 27.03870967741934 27.83225806451613 28.44193548387097 28.5774193548387 28.49677419354838 27.98064516129033 27.31935483870969 26.51612903225807 25.4 24.04838709677419 23.24516129032258 22.6483870967742 22.04193548387097 21.58064516129032
 18.59354838709678 18.31935483870968 18.16129032258064 17.67096774193548 17.66451612903225 18.02903225806451 20.08709677419355 21.70967741935484 23.25806451612904 24.60322580645161 25.20322580645161 25.43225806451613 25.9 25.71935483870968 25.42903225806452 25.17419354838709 24.53870967741936 23.77096774193549 22.36451612903226 21.46451612903226 20.6 20.2741935483871 19.58064516129033 19.01935483870967
 14.91 14.48666666666667 14.14 13.88 13.71666666666667 13.60666666666667 15.53666666666666 17.65 19.39333333333333 20.46 21.40333333333333 22.24333333333334 22.83666666666667 23.15 22.88666666666667 22.48666666666667 21.55666666666666 19.96 18.6 17.8 16.86666666666668 16.49666666666667 15.87666666666667 15.27
 8.496774193548388 8.229032258064516 8.000000000000002 7.812903225806449 7.796774193548385 7.545161290322579 8.061290322580644 9.877419354838709 11.75483870967742 13.17741935483871 14.3258064516129 14.94516129032258 15.24838709677419 15.42903225806451 15.34516129032258 14.63870967741936 13.26129032258065 11.76451612903225 11.01935483870968 10.42903225806452 9.841935483870971 9.338709677419354 8.741935483870968 8.458064516129033
 3.713333333333332 3.453333333333334 3.356666666666667 3.356666666666667 3.059999999999998 2.85 2.753333333333333 3.476666666666667 4.343333333333332 5.486666666666665 6.313333333333331 6.986666666666665 7.243333333333334 7.393333333333334 7.273333333333332 6.686666666666667 5.923333333333333 5.276666666666666 4.633333333333332 4.226666666666665 4.153333333333332 4.080000000000001 3.803333333333332 3.716666666666664
